global k1 k2 k3 k4 k5 k6 L1 L2 L3 alpha beta g12 g34 V E

k1 =0.3;
k2=40000;
k3=2.4;
k4=50000;
k5=1.58;
k6=7000;

L1=0.0001;
L2=0.004;
L3=0.5;

alpha=1.67;
beta=2.4*10^-3;

g12=1.5*10^-8;
g34=4.5*10^-8;

V=60*10^-3;
E=0;
