function y=getNaiveP2X4Inact1()
global d1 d2 d3 d4 d5 d6 k1 k2 k3 k4 k5 k6 k7 k8 k9 k10 k11 k12 k13 k14 k15 k16 k17 k18 k19 k20 k21 k22 k23 k24 L10 L11 L12 L13 L14 L20 L21 L22 L23 L24 L30 L31 L32 L33 L34 L40 L41 L42 L43 L44 L50 L51 L52 L53 L54 L60 L61 L62 L63 L64 H0 H11 H5 kd1 ks1 H3 H4 g1 g2 E1 E2 delta epsilon mu A J V A;

	y=[1/(1+H0/H5),1/(1+H5/H0),0,0,0,0,0,0,0,0,0,0,0,0,0,0,0,0,0,0,0,0];
end