function y=getNaiveP2X4Inact1factor()
global k1 k2 k3 k4 k5 k6 L1 L2 L3 L4 L5 L6 W1 W2 H0 H11 H5 kd1 ks1 H3 H4 g1 g2 E1 E2 r1 r2 r3 v1 v2 v3 rho1 rho2 rho3 gamma1 gamma2 gamma3 delta epsilon mu A J V A;

	y=[1/(1+H0/H5),1/(1+H5/H0),0,0,0,0,0,0,0,0,0,0,0,0,0,0,0,0,0,0,0,0];
end